42 13
99 013 00013

4
42 0 42 42 42 42

38
0 99

64 10 32 50 
20 31 70 37 


82 94 
60 86 97 43 45 77 87 13 71 39 62 9 
48 22 14 90 30 41 34 59 18 61 56 80 92 54 3 58 96 57 95 11 



36 67 5 4 
85 76 21 65



35 75 86 5 86 29 29 47 
4 35 18 6 67 50 9 23 63 
21 94 15 60 19 12 25


 78 2 87 50 12 30
 72
 28 2 92 80 1 77 55 
22 46 2 49 86 12 54 51
 6
1 96 31 70 82 43 40 58 91 95 13 18 70 95 73 
30 87 49 6 7 60 53 50 38 80 2 64 70 9 14 22 46 79 69 33 


89 11 8 88 32 

48 60 

74
 85 


36 39 7 41 23 26 

71 43 90 7 66 15 55 
55 75 10 26 9 24 20 97 66 


22 93 57 4 99 72 74 44 10 1 74 

39 35 72 12 3 89 
86 
19 
4 
2 
81 
38 
56 73 13 69 87 90 
6 93 

35 90 


87 43 26 19 50
